
cpu_count=1
duration_seconds=34.510789
cpu0_package_joules=1544.305542
cpu0_core_joules=1454.839600
cpu0_uncore_joules=15.258362
cpu0_dram_joules=57.356079

cpu_count=1
duration_seconds=18.462118
cpu0_package_joules=855.614258
cpu0_core_joules=814.350647
cpu0_uncore_joules=2.594299
cpu0_dram_joules=27.758850

cpu_count=1
duration_seconds=0.005078
cpu0_package_joules=0.183533
cpu0_core_joules=0.181091
cpu0_dram_joules=0.007874
